referrer,views_total,views_unique
biorxiv.org,11,1
Bing,5,2
nidra.netlify.app,3,2
Google,3,1
github.com,3,1
williamcoon.info,2,2
